#FIG 3.2
Landscape
Center
Metric
A4
100.00
Single
-2
1200 2
2 2 0 1 0 7 49 -1 47 0.000 0 0 7 0 0 5
	 990 765 21780 765 21780 4410 990 4410 990 765
3 2 0 1 0 7 50 -1 -1 0.000 0 0 0 6
	 2430 1665 3690 1665 3015 1665 2970 2745 2610 2925 2430 2565
	 0.000 -0.500 -0.500 -0.500 -0.500 0.000
3 2 0 1 0 7 50 -1 -1 0.000 0 0 0 7
	 3870 2880 3870 1665 4635 1710 3915 1710 3870 2205 4230 2205
	 3870 2205
	 0.000 -0.500 -0.500 -0.500 -0.500 -0.500 0.000
3 2 0 1 0 7 50 -1 -1 0.000 0 0 0 2
	 6101 1662 6056 2922
	 0.000 0.000
3 2 0 1 0 7 50 -1 -1 0.000 0 0 0 7
	 4950 2880 4995 1710 5715 1755 5040 1665 4950 2340 5310 2295
	 4905 2340
	 0.000 -0.500 -0.500 -0.500 -0.500 -0.500 0.000
3 2 0 1 0 7 50 -1 -1 0.000 0 0 0 7
	 6975 1755 6705 1710 6750 2295 6570 2340 6750 2475 6660 3015
	 6885 2925
	 0.000 -0.500 -0.500 -0.500 -0.500 -0.500 0.000
3 2 0 1 0 7 50 -1 -1 0.000 0 0 0 5
	 7065 2880 7380 1755 7740 2925 7560 2385 7200 2430
	 0.000 -0.500 -0.500 -0.500 0.000
3 2 0 1 0 7 50 -1 -1 0.000 0 0 0 9
	 8370 2070 8460 1890 8370 1710 7965 1755 7830 2385 7965 2970
	 8370 3015 8550 2835 8415 2700
	 0.000 -0.500 -0.500 -0.500 -0.500 -0.500 -0.500 -0.500
	 0.000
3 2 0 1 0 7 50 -1 -1 0.000 0 0 0 6
	 9135 2475 8820 2430 8775 2970 9225 3060 9405 2745 9135 2475
	 0.000 -0.500 -0.500 -0.500 -0.500 0.000
3 2 0 1 0 7 50 -1 -1 0.000 0 0 0 6
	 9630 2520 9630 2970 9810 3105 10080 3105 10170 2970 10170 2565
	 0.000 -0.500 -0.500 -0.500 -0.500 0.000
3 2 0 1 0 7 50 -1 -1 0.000 0 0 0 7
	 10530 3870 10530 2565 10530 2700 10755 2610 10935 2835 10800 3015
	 10530 2970
	 0.000 -0.500 -0.500 -0.500 -0.500 -0.500 0.000
3 2 0 1 0 7 50 -1 -1 0.000 0 0 0 2
	 11115 3015 11115 1620
	 0.000 0.000
3 2 0 1 0 7 50 -1 -1 0.000 0 0 0 6
	 11115 1620 11430 1620 11880 2160 11880 2520 11385 3015 11115 3015
	 0.000 -0.500 -0.500 -0.500 -0.500 0.000
3 2 0 1 0 7 50 -1 -1 0.000 0 0 0 6
	 12150 2790 12375 2790 12285 2565 12060 2655 12105 3015 12330 3060
	 0.000 -0.500 -0.500 -0.500 -0.500 0.000
3 2 0 1 0 7 50 -1 -1 0.000 0 0 0 2
	 12600 3015 12600 1575
	 0.000 0.000
3 2 0 1 0 7 50 -1 -1 0.000 0 0 0 5
	 12600 1575 13230 1575 12600 1620 12600 2340 12960 2295
	 0.000 -0.500 -0.500 -0.500 0.000
3 2 0 1 0 7 50 -1 -1 0.000 0 0 0 5
	 13005 3015 13185 3015 13185 2700 13230 3015 13410 3060
	 0.000 -0.500 -0.500 -0.500 0.000
3 2 0 1 0 7 50 -1 -1 0.000 0 0 0 3
	 13185 2565 13140 2565 13230 2565
	 0.000 -0.500 0.000
3 2 0 1 0 7 50 -1 -1 0.000 0 0 0 5
	 13995 2745 13770 2655 13635 2880 13770 3105 13995 3015
	 0.000 -0.500 -0.500 -0.500 0.000
3 2 0 1 0 7 50 -1 -1 0.000 0 0 0 5
	 13950 2610 13995 3555 13770 3690 13680 3510 13770 3375
	 0.000 -0.500 -0.500 -0.500 0.000
3 2 0 1 0 7 50 -1 -1 0.000 0 0 0 5
	 14175 2700 14265 3105 14490 3105 14580 2700 14580 3105
	 0.000 -0.500 -0.500 -0.500 0.000
3 2 0 1 0 7 50 -1 -1 0.000 0 0 0 7
	 14895 2925 15120 2925 15120 2835 15030 2700 14805 2790 14805 3060
	 15030 3195
	 0.000 -0.500 -0.500 -0.500 -0.500 -0.500 0.000
3 2 0 1 0 7 50 -1 -1 0.000 0 0 0 7
	 15525 2925 15570 2745 15300 2745 15300 3015 15480 3105 15435 3285
	 15255 3195
	 0.000 -0.500 -0.500 -0.500 -0.500 -0.500 0.000
3 2 0 1 0 7 50 -1 -1 0.000 0 0 0 5
	 16065 3420 16110 1620 16560 2520 17190 1665 17055 3465
	 0.000 -0.500 -0.500 -0.500 0.000
3 2 0 1 0 7 50 -1 -1 0.000 0 0 0 8
	 17685 3015 17415 3015 17370 3150 17325 3420 17550 3555 17820 3465
	 17865 3195 17685 3060
	 0.000 -0.500 -0.500 -0.500 -0.500 -0.500 -0.500 0.000
3 2 0 1 0 7 50 -1 -1 0.000 0 0 0 3
	 18405 1935 18270 3510 18450 3600
	 0.000 -0.500 0.000
3 2 0 1 0 7 50 -1 -1 0.000 0 0 0 3
	 18855 1935 18675 3600 18900 3735
	 0.000 -0.500 0.000
3 2 0 1 0 7 50 -1 -1 0.000 0 0 0 6
	 19215 3465 19485 3465 19350 3240 19080 3285 19080 3735 19305 3870
	 0.000 -0.500 -0.500 -0.500 -0.500 0.000
3 2 0 1 0 7 50 -1 -1 0.000 0 0 0 6
	 19980 3285 19665 3285 19665 3510 19890 3600 19845 3780 19620 3825
	 0.000 -0.500 -0.500 -0.500 -0.500 0.000
3 2 0 1 0 7 50 -1 -1 0.000 0 0 0 7
	 20205 1440 20475 1485 20610 2565 20925 2655 20565 2745 20340 3870
	 20070 3870
	 0.000 -0.500 -0.500 -0.500 -0.500 -0.500 0.000
